0	3500.000244
0.00111	3617.675537
0.001666	3620.072998
0.003765	3620.071777
0.006264	3620.071533
0.010488	3620.071533
0.014305	3620.071533
0.021693	3620.071289
0.027494	3620.071045
0.035221	3620.06958
0.04263	3620.064941
0.051666	3620.061279
0.061481	3620.060547
0.071481	3620.05957
0.081481	3620.056641
0.091481	3620.053467
0.101481	3620.052246
0.111481	3620.051758
0.121481	3620.051758
0.131481	3620.052246
0.141481	3620.05127
0.151481	3620.050781
0.161481	3620.052002
0.166481	3619.999268
0.16932	3619.835205
0.170919	3619.937744
0.173765	3620.06665
0.183765	3620.06665
0.193765	3620.069336
0.196265	3619.563721
0.197515	3619.937744
0.200405	3620.066162
0.206099	3620.066162
0.216099	3620.065918
0.218599	3619.639648
0.219849	3619.898438
0.221804	3620.066406
0.22665	3620.066162
0.23665	3620.065918
0.24665	3620.067627
0.249153	3619.739502
0.250404	3619.991455
0.252867	3620.066162
0.258483	3620.066406
0.268483	3620.067383
0.278483	3620.025391
0.283483	3619.834961
0.285983	3619.836426
0.287233	3619.963135
0.290325	3620.065918
0.296439	3620.066162
0.306439	3620.066406
0.316439	3620.069336
0.32393	3619.935303
0.327675	3619.675293
0.329548	3619.789063
0.330712	3620.066406
0.33556	3620.066162
0.345431	3620.06665
0.353431	3619.937012
0.357431	3619.737793
0.359431	3619.868897
0.361101	3620.066162
0.367065	3620.066162
0.377065	3620.067139
0.387065	3620.014893
0.392065	3619.835693
0.394565	3619.859619
0.396153	3620.066406
0.404094	3620.066162
0.414094	3620.070068
0.424094	3620.013428
0.429094	3619.810547
0.431594	3619.795654
0.433009	3620.065918
0.440085	3620.066162
0.450085	3620.068359
0.460085	3620.07251
0.465406	3619.862793
0.468067	3619.800537
0.469507	3620.066162
0.476711	3620.066406
0.486711	3620.069336
0.496711	3620.074219
0.506711	3620.012451
0.511711	3619.781738
0.514211	3619.716797
0.515461	3620.065918
0.521711	3620.066406
0.531711	3620.069336
0.541711	3620.07251
0.549434	3620.005615
0.553296	3619.813721
0.555226	3619.806152
0.556698	3620.066162
0.563474	3620.06665
0.573474	3620.069336
0.582531	3619.98877
0.587059	3619.72168
0.589324	3619.743164
0.590537	3620.066406
0.596603	3620.06665
0.606603	3620.067871
0.616603	3620.009033
0.621603	3619.783691
0.624103	3619.76416
0.625384	3620.066162
0.631788	3620.066406
0.641788	3620.069092
0.651788	3620.072754
0.657059	3619.84375
0.659695	3619.771484
0.661013	3620.066162
0.667602	3620.06665
0.677602	3620.069092
0.687602	3620.073486
0.692602	3619.770996
0.695102	3619.681885
0.696352	3620.022461
0.701156	3620.066162
0.710023	3620.068604
0.720023	3620.023926
0.725023	3619.89624
0.727523	3619.927979
0.729322	3620.066162
0.734452	3620.06665
0.744452	3620.067383
0.754452	3620.071045
0.759631	3619.883789
0.762221	3619.912109
0.764123	3620.066162
0.773634	3620.067383
0.783634	3620.068359
0.793634	3620.071777
0.798634	3619.822022
0.801134	3619.769531
0.802384	3620.066406
0.808634	3620.06665
0.818634	3620.069092
0.828634	3620.067871
0.831827	3619.871582
0.833428	3620.007324
0.836516	3620.066162
0.845765	3620.067627
0.855765	3620.071289
0.865624	3620.015137
0.870554	3619.878174
0.873018	3619.924561
0.875105	3620.066162
0.882357	3620.067139
0.892357	3620.069824
0.902357	3620.068115
0.90802	3619.901856
0.910851	3619.880859
0.912611	3620.066162
0.921411	3620.067139
0.931411	3620.068115
0.941411	3620.068359
0.949474	3619.979248
0.953506	3619.730957
0.955522	3619.811523
0.956846	3620.066162
0.96322	3620.067139
0.97322	3620.06958
0.980891	3619.931885
0.984726	3619.756836
0.986644	3619.936768
0.989158	3620.066162
0.997686	3620.067383
1.007686	3620.068115
1.017686	3620.071045
1.027686	3620.01001
1.032686	3619.799316
1.035186	3619.782715
1.036562	3620.066162
1.043442	3620.06665
1.053442	3620.069336
1.063442	3620.068115
1.069162	3619.87207
1.072022	3619.770996
1.073452	3620.066162
1.080601	3620.066406
1.090601	3620.068604
1.100601	3620.019531
1.105601	3619.918213
1.108101	3619.941895
1.11102	3620.066162
1.117768	3620.067383
1.127768	3620.067871
1.137768	3620.070313
1.147768	3620.068115
1.154888	3619.841797
1.158448	3619.61792
1.160228	3619.73584
1.161428	3620.02124
1.166104	3620.066162
1.175562	3620.067383
1.184398	3619.945801
1.188816	3619.684326
1.191026	3619.790772
1.192289	3620.066162
1.198604	3620.066406
1.208604	3620.068604
1.218604	3620.020508
1.223604	3619.745606
1.226104	3619.776856
1.227354	3620.066162
1.233604	3620.066406
1.243604	3620.068359
1.253604	3620.068115
1.263604	3620.068359
1.269217	3619.792481
1.272024	3619.694824
1.273427	3619.965332
1.276897	3620.066162
1.285292	3620.065674
1.295292	3620.067139
1.303024	3619.939941
1.30689	3619.800781
1.308823	3619.940186
1.310651	3620.066162
1.311564	3620.06665
1.312096	3620.067383
1.312686	3620.066406
1.313348	3620.067139
1.314145	3620.067627
1.314894	3620.068115
1.31554	3620.06665
1.31615	3620.067871
1.316789	3620.06665
1.317423	3620.068115
1.31807	3620.067139
1.318726	3620.068604
1.319396	3620.067139
1.320079	3620.069336
1.320779	3620.067383
1.321501	3620.069824
1.322254	3620.06665
1.323047	3620.069824
1.323897	3620.06665
1.324823	3620.071289
1.325854	3620.067139
1.327036	3620.073486
1.328451	3620.066406
1.330266	3620.068115
1.332852	3620.065918
1.342852	3620.06665
1.347852	3620.067871
1.350352	3620.068604
1.351602	3620.067383
1.352227	3620.068359
1.352728	3620.06665
1.35337	3620.067383
1.353952	3620.067627
1.354725	3620.068359
1.35539	3620.066406
1.356026	3620.068115
1.356688	3620.066406
1.357373	3620.068359
1.35809	3620.066406
1.358836	3620.069092
1.359598	3620.066406
1.360365	3620.06958
1.361152	3620.066406
1.361987	3620.070068
1.362891	3620.06665
1.363879	3620.071289
1.364952	3620.06665
1.366201	3620.071289
1.367724	3620.067871
1.369417	3620.071289
1.371566	3620.067627
1.373245	3620.06665
1.375059	3620.065674
1.380291	3620.066406
1.384209	3620.066406
1.386168	3620.068359
1.387148	3620.070801
1.38767	3620.066406
1.388212	3620.067627
1.388832	3620.067383
1.389614	3620.068604
1.390264	3620.066406
1.390888	3620.067871
1.391534	3620.06665
1.392202	3620.067139
1.392885	3620.068359
1.393596	3620.067627
1.394314	3620.068604
1.395083	3620.068604
1.395878	3620.067627
1.396708	3620.069824
1.397495	3620.066406
1.398304	3620.066406
1.399178	3620.066162
1.400123	3620.070068
1.401075	3620.064697
1.40213	3620.068604
1.402974	3620.071533
1.403575	3620.068604
1.40413	3620.066162
1.404779	3620.064941
1.40556	3620.064941
1.4064	3620.065918
1.407165	3620.067627
1.407873	3620.068359
1.408638	3620.067627
1.40956	3620.067627
1.410799	3620.068115
1.411666	3620.066406
1.41221	3620.067871
1.412716	3620.062988
1.413596	3620.065918
1.414726	3620.067871
1.415533	3620.067383
1.416078	3620.069336
1.416647	3620.067627
1.417632	3620.06543
1.421319	3620.067139
1.422971	3620.066406
1.423798	3620.06665
1.424267	3620.069336
1.424748	3620.067627
1.425496	3620.062988
1.426143	3620.068359
1.426816	3620.06543
1.427536	3620.064209
1.428301	3620.065674
1.42909	3620.067139
1.429922	3620.067139
1.430776	3620.07251
1.43172	3620.06665
1.432637	3620.071777
1.43326	3620.067383
1.433817	3620.063965
1.434441	3620.063232
1.435246	3620.065674
1.436027	3620.069336
1.436732	3620.065674
1.437449	3620.064453
1.438136	3620.062988
1.438745	3620.064941
1.439337	3620.063965
1.440172	3620.066162
1.4415	3620.06665
1.442445	3620.069336
1.442977	3620.068115
1.443475	3620.068359
1.444165	3620.062744
1.445006	3620.063965
1.445765	3620.063721
1.446691	3620.067627
1.447478	3620.069336
1.448079	3620.071045
1.448731	3620.06958
1.449411	3620.068359
1.450192	3620.06958
1.45087	3620.067627
1.451489	3620.062012
1.452101	3620.063965
1.452787	3620.063721
1.453594	3620.064453
1.454374	3620.067139
1.454997	3620.069336
1.455582	3620.068115
1.456305	3620.064941
1.457321	3620.065674
1.458337	3620.065918
1.459	3620.070313
1.459508	3620.070801
1.460129	3620.064697
1.460966	3620.065674
1.46354	3620.066162
1.465664	3620.063721
1.466726	3620.07251
1.467257	3620.073731
1.467704	3620.06665
1.468367	3620.069092
1.468854	3620.071533
1.469574	3620.069092
1.470174	3620.067871
1.470793	3620.071045
1.471519	3620.067139
1.472325	3620.073486
1.473203	3620.067871
1.473921	3620.072998
1.474499	3620.065918
1.475249	3620.061279
1.475978	3620.063721
1.4766	3620.064453
1.477215	3620.069092
1.477864	3620.06958
1.478551	3620.065674
1.479332	3620.065918
1.480026	3620.064209
1.480617	3620.063721
1.481203	3620.0625
1.481885	3620.063721
1.482642	3620.064941
1.483377	3620.068604
1.483999	3620.070068
1.48459	3620.071533
1.48527	3620.070313
1.486175	3620.067871
1.487081	3620.068604
1.487726	3620.069336
1.488285	3620.063232
1.488892	3620.064941
1.48977	3620.065918
1.490775	3620.067871
1.491472	3620.072754
1.492012	3620.071289
1.492604	3620.067383
1.493372	3620.069336
1.494139	3620.071533
1.494831	3620.067627
1.495531	3620.071045
1.496174	3620.067383
1.496854	3620.06543
1.497657	3620.064697
1.498412	3620.063232
1.499104	3620.065674
1.499703	3620.066162
1.500312	3620.060547
1.501194	3620.065674
1.502068	3620.067383
1.502755	3620.071289
1.50338	3620.067871
1.504034	3620.062988
1.50469	3620.063721
1.505629	3620.062744
1.506513	3620.068359
1.507145	3620.064209
1.507708	3620.061279
1.508352	3620.063965
1.509061	3620.064453
1.510089	3620.06543
1.510841	3620.06665
1.511377	3620.065918
1.511922	3620.064209
1.512586	3620.063721
1.513604	3620.063721
1.514449	3620.07251
1.515025	3620.070313
1.515557	3620.067871
1.516278	3620.064453
1.517145	3620.067871
1.518015	3620.067383
1.518623	3620.071777
1.519148	3620.060303
1.519766	3620.06543
1.520669	3620.063721
1.521521	3620.06958
1.522233	3620.06958
1.522908	3620.070068
1.523614	3620.062012
1.524398	3620.064697
1.525205	3620.069092
1.526014	3620.070801
1.526743	3620.071777
1.527408	3620.061523
1.528055	3620.061035
1.528866	3620.065918
1.529814	3620.072998
1.530553	3620.067383
1.531148	3620.065918
1.531774	3620.064697
1.532441	3620.064453
1.533119	3620.0625
1.53381	3620.063721
1.534524	3620.064453
1.535222	3620.067871
1.535838	3620.069824
1.536454	3620.06958
1.537205	3620.068115
1.537967	3620.067871
1.538655	3620.06958
1.539391	3620.071289
1.540244	3620.070068
1.541075	3620.06665
1.541804	3620.061523
1.542543	3620.061523
1.543378	3620.06543
1.544157	3620.068604
1.544837	3620.066406
1.545574	3620.062744
1.546427	3620.064453
1.547232	3620.071045
1.547919	3620.05957
1.548602	3620.063232
1.549288	3620.063721
1.550176	3620.064697
1.551039	3620.072754
1.55172	3620.068604
1.552418	3620.062988
1.553288	3620.068115
1.554028	3620.070313
1.554714	3620.065674
1.555475	3620.062256
1.556371	3620.069824
1.557181	3620.068359
1.557898	3620.071777
1.558564	3620.064697
1.559253	3620.062012
1.560004	3620.064453
1.560648	3620.069824
1.561277	3620.065918
1.561958	3620.067627
1.562677	3620.062744
1.56335	3620.061035
1.563983	3620.061035
1.564637	3620.061523
1.565339	3620.062744
1.56606	3620.068604
1.566768	3620.06958
1.567511	3620.069336
1.568286	3620.068359
1.569024	3620.06958
1.569762	3620.068359
1.570531	3620.069092
1.571298	3620.067871
1.572039	3620.069824
1.572782	3620.067627
1.57355	3620.063232
1.574319	3620.070313
1.575066	3620.063232
1.575811	3620.067627
1.576575	3620.064941
1.577339	3620.06543
1.578088	3620.068115
1.578833	3620.07251
1.579589	3620.060303
1.580346	3620.061035
1.581093	3620.062256
1.581836	3620.067871
1.582587	3620.060303
1.583337	3620.062012
1.584082	3620.063721
1.584826	3620.069336
1.585578	3620.0625
1.586329	3620.0625
1.587105	3620.065674
1.587881	3620.070313
1.58867	3620.061279
1.589408	3620.0625
1.590142	3620.063965
1.590886	3620.070313
1.591628	3620.063232
1.592283	3620.062744
1.592873	3620.063232
1.593568	3620.066406
1.594355	3620.070801
1.595059	3620.071289
1.595728	3620.062256
1.596435	3620.060547
1.597174	3620.062256
1.597884	3620.068604
1.598576	3620.064453
1.599286	3620.062988
1.600001	3620.066406
1.600713	3620.06958
1.601417	3620.067871
1.602124	3620.068604
1.602833	3620.068115
1.603554	3620.064941
1.604265	3620.06958
1.604969	3620.063965
1.605684	3620.067871
1.606406	3620.065674
1.607121	3620.06665
1.607827	3620.068115
1.608541	3620.067871
1.609257	3620.0625
1.609966	3620.065918
1.61067	3620.062988
1.61138	3620.067627
1.612088	3620.064453
1.612792	3620.068359
1.613493	3620.063232
1.614197	3620.064453
1.614898	3620.066162
1.615597	3620.069824
1.616292	3620.062988
1.61699	3620.065918
1.617685	3620.064209
1.618381	3620.070068
1.619073	3620.061523
1.619768	3620.063965
1.620461	3620.063232
1.621157	3620.070068
1.621849	3620.0625
1.622543	3620.06543
1.623237	3620.063965
1.623936	3620.070313
1.624631	3620.062744
1.625326	3620.065918
1.626024	3620.063232
1.62673	3620.069824
1.627429	3620.0625
1.628125	3620.065674
1.628826	3620.062744
1.62953	3620.069824
1.630229	3620.062256
1.630924	3620.065918
1.631624	3620.064209
1.632322	3620.070068
1.633018	3620.0625
1.633709	3620.066162
1.634405	3620.063721
1.635098	3620.069336
1.635788	3620.062744
1.636476	3620.067383
1.637166	3620.062744
1.637853	3620.067627
1.638539	3620.0625
1.639222	3620.067383
1.639908	3620.063232
1.64059	3620.067627
1.641275	3620.062988
1.641957	3620.068115
1.642641	3620.0625
1.643324	3620.067383
1.64401	3620.0625
1.644694	3620.067871
1.64538	3620.062256
1.646064	3620.067139
1.646753	3620.062256
1.647438	3620.067627
1.648126	3620.0625
1.648812	3620.067627
1.649503	3620.062256
1.65019	3620.067627
1.650879	3620.062012
1.651567	3620.067383
1.652259	3620.0625
1.652948	3620.067871
1.653636	3620.062012
1.654327	3620.067139
1.655015	3620.062256
1.655702	3620.067627
1.656387	3620.063232
1.657074	3620.068359
1.657757	3620.0625
1.658441	3620.067627
1.659121	3620.0625
1.659803	3620.067627
1.660481	3620.062012
1.66116	3620.067139
1.661836	3620.063232
1.662514	3620.068359
1.663189	3620.062744
1.663867	3620.067871
1.664542	3620.0625
1.665219	3620.067871
1.665895	3620.062256
1.666573	3620.067627
1.66725	3620.062256
1.667929	3620.067627
1.668607	3620.062012
1.669288	3620.067627
1.669967	3620.062012
1.670649	3620.067627
1.67133	3620.061523
1.672013	3620.067627
1.672695	3620.0625
1.67338	3620.068115
1.674064	3620.062012
1.67475	3620.067871
1.675435	3620.061523
1.676119	3620.067871
1.676805	3620.062256
1.677489	3620.068604
1.678173	3620.062012
1.678856	3620.068115
1.679539	3620.0625
1.68022	3620.068359
1.680901	3620.061523
1.681579	3620.067871
1.682258	3620.0625
1.682935	3620.068359
1.683612	3620.061523
1.684286	3620.067627
1.684962	3620.0625
1.685634	3620.068115
1.686309	3620.061523
1.686981	3620.067627
1.687656	3620.062256
1.688328	3620.068115
1.689003	3620.061523
1.689675	3620.067627
1.690352	3620.0625
1.691025	3620.068359
1.691702	3620.061523
1.692378	3620.067871
1.693056	3620.061279
1.693733	3620.067627
1.694413	3620.062256
1.695092	3620.068359
1.695774	3620.061523
1.696454	3620.067871
1.697138	3620.062256
1.69782	3620.068604
1.698505	3620.061279
1.699189	3620.068115
1.699872	3620.062256
1.700557	3620.068604
1.70124	3620.061279
1.701922	3620.067871
1.702603	3620.062256
1.703285	3620.068604
1.703963	3620.061279
1.704643	3620.067871
1.70532	3620.062256
1.706	3620.068604
1.706676	3620.061523
1.707355	3620.068115
1.708031	3620.061035
1.708709	3620.067871
1.709385	3620.062256
1.710064	3620.068604
1.710741	3620.061523
1.711419	3620.068359
1.712096	3620.062256
1.712777	3620.069092
1.713455	3620.062012
1.714133	3620.068604
1.714811	3620.061035
1.715493	3620.068359
1.716172	3620.062256
1.716856	3620.069336
1.717536	3620.061523
1.718218	3620.069092
1.7189	3620.061035
1.719589	3620.068604
1.720274	3620.061035
1.720957	3620.068359
1.721643	3620.062012
1.722334	3620.069824
1.723022	3620.061523
1.723708	3620.06958
1.724398	3620.062012
1.725085	3620.070068
1.725771	3620.061279
1.726458	3620.069336
1.727147	3620.062012
1.727831	3620.070068
1.728517	3620.061035
1.729202	3620.069336
1.729889	3620.062012
1.730574	3620.070068
1.731262	3620.061035
1.731947	3620.06958
1.732633	3620.062012
1.733319	3620.070068
1.734009	3620.061035
1.734696	3620.06958
1.735383	3620.061523
1.73607	3620.070068
1.736757	3620.060791
1.737445	3620.069336
1.73814	3620.062012
1.738829	3620.070801
1.739512	3620.060791
1.740201	3620.069336
1.7409	3620.062012
1.74159	3620.071045
1.742279	3620.061523
1.742969	3620.070313
1.74366	3620.060791
1.74435	3620.06958
1.745058	3620.061523
1.745754	3620.071533
1.746429	3620.061279
1.747118	3620.06958
1.747833	3620.060791
1.748533	3620.071045
1.749223	3620.062012
1.749923	3620.071289
1.750606	3620.061279
1.751297	3620.069824
1.752008	3620.061523
1.752722	3620.071533
1.753409	3620.060791
1.754093	3620.069336
1.754798	3620.063232
1.755499	3620.070313
1.756194	3620.062256
1.756908	3620.071533
1.757603	3620.061523
1.758278	3620.070068
1.758979	3620.062012
1.759703	3620.071289
1.760398	3620.061523
1.76108	3620.070313
1.761777	3620.062012
1.762479	3620.071533
1.763176	3620.061523
1.763895	3620.071045
1.764595	3620.061035
1.765265	3620.070068
1.765962	3620.062256
1.7667	3620.071533
1.767403	3620.062988
1.768084	3620.071289
1.768786	3620.061279
1.769481	3620.071533
1.77018	3620.061035
1.770917	3620.070801
1.77165	3620.061035
1.772307	3620.071777
1.772994	3620.063232
1.773761	3620.070801
1.774477	3620.064209
1.775169	3620.07251
1.775886	3620.061279
1.776565	3620.071777
1.77726	3620.062012
1.778015	3620.071777
1.778788	3620.063232
1.779456	3620.072022
1.780131	3620.06543
1.780883	3620.068115
1.781603	3620.062256
1.782309	3620.071045
1.78309	3620.062012
1.783779	3620.069092
1.784444	3620.062988
1.785225	3620.070801
1.785974	3620.064453
1.786665	3620.073242
1.787372	3620.060791
1.788086	3620.072022
1.788797	3620.061279
1.789515	3620.071533
1.790288	3620.060791
1.791027	3620.069092
1.79169	3620.063232
1.792385	3620.07251
1.793147	3620.0625
1.793879	3620.068604
1.794621	3620.062012
1.795356	3620.071777
1.796039	3620.062012
1.796734	3620.071777
1.797471	3620.061523
1.798204	3620.071045
1.798957	3620.061523
1.79976	3620.071777
1.800448	3620.05957
1.801104	3620.068359
1.801851	3620.063721
1.802608	3620.068359
1.803364	3620.061035
1.804197	3620.072754
1.804914	3620.059326
1.80556	3620.069824
1.80628	3620.062988
1.807062	3620.068359
1.807834	3620.060791
1.808644	3620.072754
1.809398	3620.061035
1.81009	3620.073486
1.810786	3620.060791
1.811543	3620.072022
1.812337	3620.062744
1.813155	3620.069092
1.813895	3620.061035
1.814584	3620.073731
1.815277	3620.060791
1.816032	3620.072022
1.816826	3620.063232
1.817637	3620.068604
1.818456	3620.062988
1.819171	3620.069824
1.819842	3620.06543
1.820595	3620.068604
1.821405	3620.060791
1.82223	3620.069336
1.822976	3620.063232
1.823717	3620.069336
1.824421	3620.062012
1.825143	3620.071289
1.825953	3620.060303
1.826799	3620.071533
1.827657	3620.0625
1.82837	3620.070313
1.829029	3620.064941
1.829792	3620.068604
1.830605	3620.062744
1.831422	3620.069092
1.832311	3620.062744
1.833118	3620.067383
1.833791	3620.064941
1.834509	3620.069092
1.835355	3620.061523
1.836206	3620.069092
1.837027	3620.062744
1.837783	3620.069824
1.838527	3620.0625
1.839246	3620.069336
1.840021	3620.063721
1.840882	3620.068604
1.841767	3620.062744
1.842581	3620.070313
1.843306	3620.064697
1.844043	3620.06958
1.844822	3620.060303
1.845655	3620.06958
1.84656	3620.061035
1.847434	3620.069824
1.848151	3620.064697
1.848833	3620.069336
1.849698	3620.063232
1.850619	3620.069336
1.851458	3620.062744
1.852245	3620.070313
1.852992	3620.062012
1.853733	3620.069824
1.854513	3620.062744
1.855341	3620.069336
1.856218	3620.062988
1.857179	3620.067383
1.857968	3620.0625
1.85866	3620.070801
1.859424	3620.061279
1.860277	3620.070068
1.861201	3620.068115
1.862228	3620.061035
1.863069	3620.064697
1.863746	3620.070068
1.864501	3620.064941
1.865453	3620.068359
1.86639	3620.062988
1.867207	3620.067627
1.867994	3620.064941
1.868882	3620.067383
1.869677	3620.0625
1.870448	3620.070068
1.871391	3620.062744
1.872458	3620.067627
1.873247	3620.072998
1.87391	3620.05835
1.874751	3620.06543
1.875661	3620.068115
1.876515	3620.0625
1.877454	3620.067383
1.878482	3620.063721
1.879272	3620.067871
1.880008	3620.064697
1.880838	3620.067383
1.881744	3620.068604
1.882742	3620.062012
1.883727	3620.064697
1.884578	3620.067627
1.88531	3620.064453
1.886116	3620.06958
1.887179	3620.063721
1.888261	3620.067627
1.889157	3620.064697
1.889887	3620.071777
1.890649	3620.0625
1.891545	3620.067383
1.892474	3620.064453
1.893394	3620.067383
1.894446	3620.064941
1.895321	3620.067627
1.896071	3620.064453
1.896885	3620.067627
1.897773	3620.068604
1.898752	3620.063721
1.899898	3620.064941
1.901067	3620.067383
1.901834	3620.064209
1.902559	3620.070068
1.903931	3620.067139
1.905138	3620.070068
1.905938	3620.063965
1.90666	3620.070068
1.908205	3620.064941
1.910162	3620.067627
1.91114	3620.049805
1.911731	3620.065674
1.912646	3620.067139
1.913594	3620.06665
1.914445	3620.069336
1.915427	3620.065674
1.916729	3620.069092
1.918176	3620.064941
1.919076	3620.064209
1.919852	3620.067383
1.920809	3620.069824
1.921955	3620.064941
1.922887	3620.070068
1.923701	3620.065918
1.924856	3620.071777
1.926818	3620.06665
1.927798	3620.0625
1.928396	3620.068359
1.929912	3620.067627
1.931631	3620.062012
1.932607	3620.063232
1.93324	3620.074951
1.934352	3620.067383
1.936328	3620.06665
1.937916	3620.060791
1.938792	3620.063721
1.939459	3620.071289
1.940561	3620.067139
1.942393	3620.066406
1.943711	3620.060059
1.944691	3620.065918
1.945699	3620.074219
1.946643	3620.067871
1.947732	3620.068115
1.949121	3620.062744
1.950054	3620.063965
1.950824	3620.068115
1.951993	3620.071289
1.953281	3620.064941
1.95445	3620.067383
1.955876	3620.064209
1.956898	3620.06665
1.957787	3620.062744
1.959209	3620.062988
1.960596	3620.063965
1.961703	3620.06665
1.963062	3620.065918
1.966284	3620.06665
1.967896	3620.073731
1.968701	3620.05957
1.969535	3620.064697
1.970581	3620.067871
1.971613	3620.070068
1.97263	3620.067871
1.973882	3620.064209
1.975601	3620.064209
1.977489	3620.06665
1.978453	3620.069092
1.979255	3620.065918
1.981964	3620.06665
1.98593	3620.067627
1.987913	3620.049072
1.988905	3620.06543
1.98977	3620.067871
1.990719	3620.064209
1.99172	3620.065918
1.992808	3620.062988
1.994132	3620.068115
1.995789	3620.064453
1.998476	3620.06665
2.001343	3620.060303
2.002777	3620.060303
2.003806	3620.059326
2.004831	3620.067871
2.005905	3620.070068
2.007176	3620.069336
2.008804	3620.064209
2.011609	3620.06665
2.014529	3620.06543
2.015988	3620.060059
2.016718	3620.062988
2.017721	3620.076416
2.018742	3620.066406
2.019792	3620.074219
2.020989	3620.064941
2.022562	3620.062256
2.025431	3620.06665
2.027872	3620.070068
2.029093	3620.05957
2.029929	3620.065918
2.030902	3620.06958
2.031877	3620.067383
2.032924	3620.067627
2.034237	3620.062988
2.035937	3620.064453
2.038735	3620.06665
2.042395	3620.062256
2.044224	3620.06543
2.045139	3620.066162
2.046334	3620.067139
2.047487	3620.067871
2.048623	3620.063232
2.050163	3620.064209
2.053357	3620.06665
2.061287	3620.061279
2.065476	3620.064453
2.06757	3620.067139
2.068617	3620.078613
2.069141	3620.064209
2.070239	3620.06543
2.071801	3620.06665
2.072936	3620.067627
2.073857	3620.065918
2.074928	3620.067627
2.075781	3620.058838
2.076634	3620.068115
2.077883	3620.068604
2.079506	3620.067627
2.081076	3620.064209
2.08338	3620.067139
2.087701	3620.067139
2.089861	3620.064209
2.090941	3620.065918
2.091581	3620.059326
2.092671	3620.06665
2.09506	3620.07251
2.098814	3620.067139
2.10208	3620.063965
2.103713	3620.050781
2.104529	3620.065674
2.105256	3620.065918
2.106944	3620.068604
2.110527	3620.06665
2.114144	3620.073242
2.115953	3620.060059
2.116857	3620.05957
2.117687	3620.068604
2.118878	3620.062988
2.120386	3620.0625
2.121566	3620.064697
2.122985	3620.074951
2.124845	3620.068604
2.126043	3620.06958
2.126961	3620.058594
2.128612	3620.06543
2.136865	3620.067139
2.141865	3620.067139
2.144365	3620.050049
2.145615	3620.060059
2.146349	3620.064941
2.147668	3620.066162
2.149011	3620.071289
2.152079	3620.068359
2.154591	3620.067383
2.157234	3620.061035
2.159083	3620.06543
2.160007	3620.072998
2.16078	3620.068115
2.164644	3620.066406
2.169084	3620.065918
2.171304	3620.070068
2.172414	3620.06958
2.17373	3620.05835
2.174768	3620.063721
2.175561	3620.065674
2.176265	3620.067871
2.177284	3620.067139
2.178881	3620.064209
2.180167	3620.069336
2.181179	3620.064941
2.18262	3620.064209
2.186539	3620.06665
2.190607	3620.067383
2.192641	3620.069336
2.193658	3620.06543
2.194796	3620.067627
2.196478	3620.069336
2.199157	3620.067139
2.206385	3620.067383
2.212854	3620.064941
2.216089	3620.050781
2.217706	3620.0625
2.218515	3620.069824
2.21926	3620.062988
2.221005	3620.064697
2.223185	3620.063721
2.224366	3620.065674
2.225482	3620.065674
2.226662	3620.06665
2.229761	3620.066406
2.233901	3620.0625
2.235972	3620.071777
2.237007	3620.0625
2.237711	3620.060547
2.239082	3620.06665
2.240902	3620.067627
2.242221	3620.064453
2.243441	3620.064209
2.246099	3620.067139
2.249444	3620.067627
2.251174	3620.06543
2.252039	3620.06543
2.253019	3620.067871
2.25532	3620.066406
2.259794	3620.067139
2.266978	3620.062744
2.270571	3620.064453
2.272367	3620.062988
2.273265	3620.069336
2.274347	3620.068115
2.278452	3620.066162
2.288452	3620.065918
2.290952	3620.070313
2.292202	3620.064697
2.292956	3620.069336
2.29382	3620.062256
2.296433	3620.064697
2.301438	3620.063232
2.30394	3620.049805
2.305191	3620.070313
2.305901	3620.075684
2.306618	3620.062256
2.307787	3620.065674
2.309738	3620.064453
2.313293	3620.067139
2.317357	3620.064453
2.319388	3620.064697
2.320404	3620.070068
2.321785	3620.062744
2.322986	3620.06543
2.324481	3620.073731
2.327327	3620.067139
2.333474	3620.067139
2.336547	3620.059326
2.338084	3620.06543
2.338852	3620.06543
2.340177	3620.067383
2.342775	3620.06665
2.346283	3620.063721
2.349537	3620.067383
2.352388	3620.055908
2.353814	3620.06543
2.354609	3620.076416
2.35546	3620.06665
2.357534	3620.06665
2.360643	3620.067139
2.366397	3620.065674
2.369274	3620.062256
2.370712	3620.060059
2.371503	3620.064941
2.372243	3620.07251
2.37444	3620.066406
2.378708	3620.06665
2.381427	3620.062744
2.382786	3620.062744
2.383492	3620.06543
2.384452	3620.068359
2.385577	3620.071045
2.391202	3620.065674
2.396121	3620.061279
2.39858	3620.069092
2.399809	3620.06543
2.401046	3620.06543
2.402544	3620.062744
2.405267	3620.067383
2.414623	3620.06665
2.417005	3620.065674
2.418195	3620.060303
2.419113	3620.060791
2.421144	3620.06665
2.426614	3620.067139
2.431833	3620.068115
2.434443	3620.069824
2.435748	3620.064941
2.436585	3620.069824
2.439706	3620.067139
2.44301	3620.067627
2.446202	3620.063721
2.447798	3620.056152
2.448596	3620.060791
2.449326	3620.064941
2.450807	3620.065918
2.454532	3620.068604
2.459654	3620.067139
2.462215	3620.064941
2.463495	3620.06543
2.46448	3620.062988
2.465519	3620.065918
2.46708	3620.064209
2.470418	3620.067383
2.480418	3620.067139
2.485418	3620.064697
2.487918	3620.063965
2.489168	3620.061279
2.489895	3620.06958
2.490778	3620.07251
2.492115	3620.067627
2.497858	3620.065918
2.501754	3620.06665
2.503702	3620.072998
2.504676	3620.062744
2.50611	3620.065674
2.507786	3620.063965
2.510435	3620.067383
2.520435	3620.066406
2.530435	3620.06543
2.535435	3620.046875
2.537935	3620.08252
2.539185	3620.07959
2.53981	3620.068604
2.540371	3620.063965
2.541153	3620.065674
2.542031	3620.063721
2.543289	3620.063232
2.545207	3620.0625
2.552809	3620.067627
2.557809	3620.071045
2.560309	3620.053955
2.561559	3620.06543
2.562293	3620.063232
2.563384	3620.064941
2.565695	3620.072754
2.569533	3620.067627
2.573024	3620.071045
2.574769	3620.069092
2.575707	3620.059326
2.576955	3620.064697
2.581883	3620.06543
2.591883	3620.068115
2.595455	3620.060547
2.597241	3620.064453
2.59823	3620.078857
2.598984	3620.06665
2.600953	3620.065918
2.602941	3620.067627
2.607473	3620.067383
2.61297	3620.066162
2.615718	3620.065918
2.617092	3620.064697
2.619218	3620.065918
2.621555	3620.067871
2.631555	3620.065918
2.636322	3620.063721
2.638706	3620.062744
2.639898	3620.06543
2.640637	3620.073486
2.641306	3620.067139
2.644654	3620.066406
2.649446	3620.067139
2.651843	3620.062744
2.653041	3620.057617
2.653678	3620.061523
2.654416	3620.067139
2.655473	3620.067871
2.657347	3620.068359
2.664548	3620.065674
2.674548	3620.069336
2.677048	3620.069336
2.678298	3620.053711
2.678923	3620.06543
2.679837	3620.065918
2.680765	3620.06543
2.682412	3620.065918
2.683874	3620.074951
2.686624	3620.067627
2.690891	3620.068115
2.694882	3620.067139
2.697141	3620.054443
2.698507	3620.064453
2.700576	3620.067383
2.704993	3620.06665
2.714993	3620.064941
2.724993	3620.065674
2.727493	3620.069336
2.728743	3620.05835
2.729514	3620.064209
2.73142	3620.066162
2.735031	3620.065918
2.741782	3620.064941
2.747017	3620.071045
2.749634	3620.060791
2.751174	3620.062988
2.75208	3620.06958
2.753048	3620.067383
2.757323	3620.066406
2.765934	3620.06665
2.77024	3620.060059
2.772393	3620.075195
2.773469	3620.063721
2.774054	3620.066162
2.774858	3620.066162
2.77605	3620.065918
2.777357	3620.07251
2.77982	3620.067383
2.78385	3620.067383
2.786862	3620.06958
2.788368	3620.068604
2.789121	3620.065918
2.790132	3620.061279
2.791688	3620.065918
2.794244	3620.064941
2.80176	3620.067139
2.809411	3620.067871
2.813237	3620.079102
2.81515	3620.059326
2.816106	3620.06543
2.817314	3620.06958
2.82016	3620.067383
2.827282	3620.067871
2.833575	3620.06665
2.836722	3620.076904
2.838295	3620.064209
2.839082	3620.060547
2.841096	3620.06665
2.844115	3620.067627
2.85398	3620.067139
2.857737	3620.064209
2.859615	3620.064697
2.860555	3620.064941
2.862238	3620.071045
2.864851	3620.067627
2.86965	3620.06665
2.876264	3620.069092
2.881472	3620.064697
2.884077	3620.074951
2.885379	3620.05835
2.88603	3620.062988
2.886977	3620.061279
2.889255	3620.066162
2.892799	3620.06958
2.896358	3620.066406
2.89824	3620.065674
2.899181	3620.074463
2.900009	3620.068115
2.90199	3620.066162
2.90672	3620.065674
2.913657	3620.069092
2.9185	3620.076904
2.920922	3620.060059
2.922735	3620.065918
2.924545	3620.067871
2.927475	3620.067627
2.937475	3620.065918
2.947475	3620.066162
2.955581	3620.066162
2.959634	3620.075684
2.961661	3620.078857
2.962674	3620.062012
2.963258	3620.06543
2.964368	3620.066162
2.965494	3620.073731
2.9679	3620.067383
2.972286	3620.067383
2.976995	3620.068115
2.979349	3620.062256
2.980526	3620.058594
2.981316	3620.063721
2.982476	3620.066162
2.984617	3620.064941
2.990753	3620.068359
3.000068	3620.068359
3.004726	3620.060547
3.007054	3620.062256
3.008744	3620.064941
3.010498	3620.067383
3.014021	3620.067139
3.024021	3620.067139
3.034021	3620.066162
3.044021	3620.06543
3.046521	3620.065674
3.047771	3620.05957
3.048427	3620.064941
3.050277	3620.06543
3.052666	3620.067383
3.058256	3620.067627
3.065879	3620.072754
3.069691	3620.081543
3.071597	3620.063721
3.072549	3620.063965
3.074005	3620.067139
3.076995	3620.067139
3.081986	3620.067627
3.086573	3620.06543
3.088866	3620.076904
3.090013	3620.071533
3.090877	3620.060791
3.092147	3620.065674
3.094887	3620.065918
3.101015	3620.064697
3.109859	3620.068359
3.114281	3620.05249
3.116493	3620.0625
3.117771	3620.065674
3.119525	3620.067383
3.121924	3620.067627
3.130802	3620.067139
3.140802	3620.06543
3.145976	3620.066406
3.148563	3620.046143
3.150152	3620.070801
3.15188	3620.067139
3.156642	3620.067139
3.162147	3620.066406
3.169407	3620.065918
3.179407	3620.065674
3.181907	3620.062744
3.183157	3620.071777
3.183982	3620.061279
3.185412	3620.065918
3.189487	3620.065918
3.195696	3620.06543
3.202266	3620.069336
3.20555	3620.062256
3.207193	3620.060059
3.208014	3620.063721
3.21064	3620.067383
3.215514	3620.069336
3.22144	3620.070801
3.224719	3620.071533
3.226358	3620.060303
3.227266	3620.064453
3.228333	3620.063721
3.231452	3620.067383
3.235918	3620.069092
3.244352	3620.067627
3.254253	3620.065918
3.259204	3620.064697
3.26168	3620.064453
3.262917	3620.063721
3.263949	3620.065918
3.266217	3620.067627
3.270208	3620.068359
3.275586	3620.070068
3.279352	3620.062256
3.281235	3620.063232
3.282177	3620.064453
3.285457	3620.067139
3.29063	3620.069092
3.299701	3620.066406
3.308542	3620.06543
3.312963	3620.050537
3.315173	3620.080078
3.316278	3620.064209
3.317677	3620.069336
3.319728	3620.067627
3.32376	3620.067627
3.33293	3620.067627
3.336568	3620.064453
3.338387	3620.057861
3.339296	3620.063232
3.340313	3620.064697
3.341632	3620.064453
3.34468	3620.067383
3.348777	3620.068359
3.353839	3620.068115
3.358817	3620.063721
3.36349	3620.064697
3.368714	3620.069336
3.378436	3620.065918
3.388436	3620.064453
3.393436	3620.050293
3.395936	3620.063721
3.397186	3620.085938
3.399039	3620.066162
3.400917	3620.066162
3.402835	3620.067383
3.405889	3620.067383
3.410625	3620.068115
3.416719	3620.062256
3.422435	3620.065674
3.425292	3620.063965
3.426721	3620.062988
3.428801	3620.066162
3.4309	3620.068115
3.437803	3620.067383
3.447803	3620.066162
3.454128	3620.063721
3.45729	3620.05957
3.458888	3620.066162
3.460287	3620.067383
3.462825	3620.067139
3.466852	3620.067871
3.472308	3620.064209
3.482308	3620.065918
3.490712	3620.064941
3.494914	3620.073242
3.497015	3620.062256
3.498621	3620.068359
3.501001	3620.067383
3.505167	3620.067871
3.511552	3620.065674
3.521552	3620.065674
3.531552	3620.065674
3.536552	3620.064453
3.539052	3620.063232
3.540302	3620.063721
3.540938	3620.068604
3.541682	3620.067627
3.543735	3620.067139
3.54649	3620.067871
3.551714	3620.06543
3.557163	3620.065918
3.560164	3620.06543
3.561665	3620.064209
3.562531	3620.064941
3.564249	3620.062744
3.567264	3620.070313
3.572052	3620.068115
3.582052	3620.066162
3.592052	3620.065674
3.597052	3620.0625
3.599552	3620.073486
3.60303	3620.065674
3.61303	3620.066162
3.62303	3620.065918
3.63303	3620.064941
3.63553	3620.078125
3.63678	3620.05957
3.637773	3620.065674
3.639822	3620.06543
3.643826	3620.065674
3.652702	3620.066406
3.662171	3620.06665
3.666905	3620.062256
3.669272	3620.072998
3.670456	3620.062012
3.67164	3620.064697
3.672816	3620.064697
3.676021	3620.067871
3.679659	3620.068604
3.687159	3620.064941
3.692573	3620.06665
3.69528	3620.0625
3.696633	3620.063965
3.698459	3620.067383
3.701445	3620.068115
3.707656	3620.064941
3.717656	3620.066406
3.727656	3620.064941
3.733926	3620.065674
3.738367	3620.064697
3.740588	3620.06543
3.741698	3620.064209
3.743623	3620.067627
3.747214	3620.068359
3.754516	3620.066162
3.764516	3620.066406
3.774516	3620.064941
3.779516	3620.06665
3.782016	3620.065918
3.783266	3620.064453
3.785234	3620.069336
3.789028	3620.068115
3.796176	3620.066162
3.804552	3620.066162
3.808761	3620.062988
3.810866	3620.072022
3.811919	3620.063965
3.815654	3620.068115
3.820659	3620.064453
3.826821	3620.06665
3.834741	3620.065918
3.840829	3620.06665
3.843873	3620.062988
3.845543	3620.071289
3.850737	3620.066406
3.860737	3620.066406
3.870737	3620.06665
3.874159	3620.06665
3.87587	3620.06543
3.876725	3620.061523
3.879036	3620.066162
3.882069	3620.066162
3.888009	3620.066162
3.895582	3620.06665
3.901045	3620.067383
3.90425	3620.064209
3.906974	3620.071777
3.916974	3620.066406
3.926974	3620.066406
3.936974	3620.066162
3.939565	3620.067383
3.94086	3620.065918
3.941724	3620.066406
3.943273	3620.066406
3.94605	3620.066406
3.95092	3620.066406
3.960224	3620.066406
3.968376	3620.067139
3.972453	3620.064697
3.974491	3620.079834
3.981593	3620.066162
3.991593	3620.066406
4.001593	3620.066406
4.008889	3620.06665
4.012538	3620.067383
4.014362	3620.063965
4.015767	3620.066406
4.017837	3620.072754
4.021874	3620.066406
4.030298	3620.06665
4.040298	3620.067139
4.048465	3620.06665
4.052549	3620.067139
4.05459	3620.067139
4.056995	3620.06665
4.066995	3620.066162
4.076995	3620.067871
4.086048	3620.06665
4.090574	3620.06543
4.092838	3620.067627
4.095402	3620.06665
4.105402	3620.06665
4.115402	3620.067627
4.125402	3620.067871
4.130402	3620.068604
4.132902	3620.068359
4.134152	3620.067139
4.134785	3620.06958
4.136215	3620.070801
4.138403	3620.073731
4.142403	3620.08252
4.148368	3620.110596
4.154042	3620.175293
4.157456	3620.257324
4.159163	3620.320801
4.160442	3620.377197
4.166837	3620.714111
4.176066	3621.667481
4.182007	3623.143799
4.184978	3624.682373
4.186678	3625.845703
4.192685	3630.341553
4.200915	3639.004639
4.210915	3653.075195
4.220915	3660.417725
4.229611	3666.801758
4.233959	3670.571289
4.236133	3672.400879
4.237852	3673.720703
4.242243	3676.240479
4.247253	3678.641113
4.257253	3681.872559
4.267253	3680.320068
4.273327	3680.69043
4.276365	3680.888916
4.277883	3680.996094
4.278643	3681.047363
4.279949	3681.126221
4.282151	3681.231201
4.285595	3681.361572
4.29054	3681.51709
4.298463	3681.720703
4.308463	3681.986572
4.316714	3682.264648
4.32084	3682.474365
4.322903	3682.578857
4.323935	3682.638916
4.327169	3682.756348
4.330952	3682.878662
4.338308	3683.034668
4.347428	3683.229736
4.3567	3683.450195
4.3667	3683.681885
4.373318	3683.881836
4.376626	3683.994873
4.378293	3684.069336
4.382216	3684.165039
4.389222	3684.290039
4.399222	3684.449951
4.409222	3684.643311
4.416058	3684.815918
4.419728	3684.930664
4.42488	3685.050049
4.432666	3685.185791
4.43656	3685.294434
4.438506	3685.354492
4.43948	3685.378662
4.440544	3685.417969
4.443191	3685.478516
4.447428	3685.555176
4.455267	3685.663086
4.465267	3685.813965
4.471115	3685.960938
4.474039	3686.044434
4.475502	3686.089111
4.477725	3686.149658
4.479886	3686.205078
4.482661	3686.258301
4.486098	3686.319336
4.491238	3686.396484
4.500124	3686.503662
4.50872	3686.641113
4.514389	3686.760498
4.51793	3686.848389
4.527861	3686.970947
4.537861	3687.126465
4.547861	3687.292236
4.557861	3687.460205
4.567861	3687.661621
4.577861	3687.833984
4.580361	3687.916992
4.581611	3687.952881
4.582462	3687.982666
4.584346	3688.030762
4.587213	3688.085693
4.592865	3688.157959
4.600225	3688.252441
4.607417	3688.354492
4.61397	3688.454346
4.62026	3688.548828
4.626523	3688.647949
4.630778	3688.725586
4.633525	3688.774414
4.637394	3688.841065
4.646933	3688.932129
4.656933	3689.05835
4.666489	3689.194824
4.671701	3689.300537
4.674306	3689.363037
4.676374	3689.408691
4.684946	3689.49585
4.694946	3689.609131
4.704946	3689.738281
4.709946	3689.837891
4.712446	3689.893799
4.713696	3689.924805
4.715956	3689.975098
4.718612	3690.017822
4.722336	3690.065918
4.72802	3690.129639
4.73802	3690.217529
4.747142	3690.323975
4.753167	3690.425049
4.758331	3690.515381
4.766203	3690.600098
4.776203	3690.709473
4.786203	3690.838867
4.791203	3690.935547
4.793703	3690.989014
4.795336	3691.031494
4.796996	3691.066406
4.799117	3691.103516
4.802608	3691.148926
4.807563	3691.207275
4.814118	3691.098145
4.824118	3691.000488
4.834118	3690.883057
4.844118	3690.761231
4.854118	3690.624023
4.864118	3690.496338
4.873026	3690.37915
4.877479	3690.284912
4.879706	3690.25
4.880954	3690.217041
4.885436	3690.168701
4.890733	3690.111816
4.900733	3690.032227
4.910733	3689.917969
4.920733	3689.800049
4.926174	3689.699951
4.928894	3689.637207
4.930254	3689.618897
4.937054	3689.554443
4.947054	3689.474365
4.953983	3689.380615
4.957448	3689.322266
4.95918	3689.27417
4.960878	3689.256592
4.962836	3689.229004
4.96665	3689.189453
4.972666	3689.140869
4.981863	3689.070068
4.991863	3688.9729
5.001863	3688.864502
5.011863	3688.754395
5.016863	3688.674072
5.019363	3688.607178
5.021029	3688.585938
5.023101	3688.55542
5.026782	3688.515137
5.032203	3688.468506
5.042203	3688.400147
5.052203	3688.30127
5.062203	3688.193848
5.068046	3688.113281
5.072228	3688.041504
5.077876	3687.977051
5.085542	3687.908691
5.094047	3687.829102
5.10055	3687.749756
5.105896	3687.682129
5.114139	3687.608643
5.12185	3687.527588
5.125706	3687.475342
5.127634	3687.424561
5.129857	3687.4021
5.134392	3687.358887
5.142373	3687.303955
5.152373	3687.223389
5.162373	3687.125732
5.172373	3687.025391
5.180797	3686.927979
5.185009	3686.8396
5.187993	3686.80835
5.191833	3686.755127
5.201833	3686.691162
5.211833	3686.599121
5.221038	3686.501953
5.22564	3686.41333
5.227941	3686.390625
5.235568	3686.323486
5.245568	3686.243652
5.255568	3686.145996
5.260568	3686.067139
5.263068	3686.033691
5.26677	3685.97876
5.27677	3685.918701
5.28677	3685.827637
5.29677	3685.728516
5.30177	3685.646973
5.30427	3685.589356
5.307566	3685.561523
5.314195	3685.509522
5.324195	3685.440186
5.334195	3685.350342
5.344195	3685.256836
5.349468	3685.185059
5.352897	3685.135742
5.358884	3685.079346
5.368884	3685.013428
5.378884	3684.926025
5.388884	3684.833984
5.395541	3684.754883
5.399659	3684.696289
5.402478	3684.660156
5.407573	3684.614258
5.417573	3684.554443
5.427573	3684.469238
5.434643	3684.387695
5.438178	3684.343506
5.440208	3684.304688
5.447744	3684.250977
5.457744	3684.182129
5.467744	3684.096924
5.472744	3684.024902
5.475244	3683.974365
5.47784	3683.953369
5.483827	3683.907227
5.493827	3683.846436
5.503827	3683.762207
5.513827	3683.672852
5.518827	3683.60376
5.522412	3683.555664
5.525571	3683.514404
5.533352	3683.463867
5.543352	3683.395996
5.553352	3683.311523
5.563352	3683.223389
5.571735	3683.141113
5.575926	3683.080566
5.578021	3683.036621
5.580954	3683.016602
5.586161	3682.976074
5.596161	3682.922119
5.606161	3682.842529
5.616161	3682.757568
5.626161	3682.672607
5.636161	3682.585449
5.641161	3682.520996
5.643661	3682.467285
5.647068	3682.443115
5.65378	3682.395264
5.66378	3682.331299
5.67378	3682.252197
5.68378	3682.170898
5.69378	3682.087647
5.703011	3682.007568
5.707627	3681.94165
5.709934	3681.91919
5.711088	3681.877441
5.713179	3681.865479
5.716578	3681.834717
5.721986	3681.797363
5.731644	3681.745361
5.741644	3681.670898
5.751644	3681.587158
5.759028	3681.512207
5.76272	3681.462402
5.767129	3681.419922
5.776731	3681.364258
5.786731	3681.290772
5.796731	3681.209961
5.802772	3681.140381
5.805792	3681.101563
5.807303	3681.079834
5.810565	3681.047119
5.815846	3681.009522
5.825846	3680.959717
5.835846	3680.886963
5.845846	3680.806885
5.851955	3680.73877
5.856332	3680.692871
5.866331	3680.633789
5.876331	3680.561035
5.886331	3680.484619
5.892953	3680.414551
5.897758	3680.366699
5.907758	3680.307861
5.917758	3680.236816
5.926154	3680.165283
5.930352	3680.121094
5.933999	3680.07959
5.938302	3680.041992
5.948302	3679.994629
5.958302	3679.92749
5.968302	3679.854492
5.978302	3679.781006
5.988302	3679.707764
5.994151	3679.647705
5.997075	3679.610352
6	3679.581543
